BaronCameron=38.977799,-77.3374,127,270
DalbyAU=-27.2739,151.290039,344,180

